# Created by Octave 5.1.0, Fri May 22 22:45:03 2020 GMT <unknown@Escritorio>
# name: MatrizCods
# type: matrix
# rows: 5
# columns: 50
 0 0 0 0 0 0 0 0 0 0 0 0 0 0 0 0 0 0 0 0 0 0 0 0 0 0 0 0 0 0 0 0 0 0 0 0 0 0 0 0 0 0 0 0 0 0 0 0 0 0
 0 0 0 0 0 0 0 0 0 0 0 0 0 0 0 0 0 0 0 0 0 0 0 0 0 0 0 0 0 0 0 0 0 0 0 0 0 0 0 0 0 0 0 0 0 0 0 0 0 0
 0 0 0 0 0 0 0 0 0 0 0 0 0 0 0 0 0 0 0 0 0 0 0 0 0 0 0 0 0 0 0 0 0 0 0 0 0 0 0 0 0 0 0 0 0 0 0 0 0 0
 0 0 0 0 0 0 0 0 0 0 0 0 0 0 0 0 0 0 0 0 0 0 0 0 0 0 0 0 0 0 0 0 0 0 0 0 0 0 0 0 0 0 0 0 0 0 0 0 0 0
 0 0 0 0 0 0 0 0 0 0 0 0 0 0 0 0 0 0 0 0 0 0 0 0 0 0 0 0 0 0 0 0 0 0 0 0 0 0 0 0 0 0 0 0 0 0 0 0 0 0


# name: N
# type: scalar
2000


# name: Simulacao
# type: matrix
# ndims: 3
 3 3 9
 0
 0.29999999999999999
 0
 0
 0
 0
 0
 0
 0
 1
 0.29999999999999999
 0
 0.29999999999999999
 0
 0
 0
 0
 0
 0
 0.29999999999999999
 0
 0.29999999999999999
 0
 0
 0
 0
 0
 1
 0.29999999999999999
 0
 0.29999999999999999
 0
 0
 1
 0.29999999999999999
 0
 1
 0.29999999999999999
 0
 0.29999999999999999
 0
 0
 0
 0.29999999999999999
 0
 1
 0.29999999999999999
 0
 0.29999999999999999
 1
 0.29999999999999999
 1
 0.29999999999999999
 0
 1
 0.29999999999999999
 0
 0.29999999999999999
 0
 0.29999999999999999
 1
 0.29999999999999999
 0
 1
 0.29999999999999999
 0.29999999999999999
 0.29999999999999999
 1
 0.29999999999999999
 1
 0.29999999999999999
 1
 1
 0.29999999999999999
 0.29999999999999999
 0.29999999999999999
 1
 0.29999999999999999
 1
 0.29999999999999999
 0


# name: Simulacoes
# type: matrix
# rows: 0
# columns: 0


# name: argn
# type: sq_string
# elements: 1
# length: 4
2000


# name: compu_ganhou
# type: scalar
1806


# name: cont
# type: scalar
1


# name: deu_pau
# type: scalar
179


# name: deu_velha
# type: scalar
15


# name: i
# type: scalar
2000


# name: player
# type: scalar
2


# name: resultado
# type: matrix
# rows: 0
# columns: 0


# name: ultimo
# type: scalar
9


# name: user_ganhou
# type: scalar
0


